{
 "cells": [
  {
   "cell_type": "markdown",
   "metadata": {},
   "source": [
    "# Notebook to run the gaussian regularized alghorithms "
   ]
  },
  {
   "cell_type": "code",
   "execution_count": null,
   "metadata": {},
   "outputs": [],
   "source": [
    "from prob_models.utils.utils import read_paths, getdata\n",
    "\n",
    "# read_add_paths('paths.txt')\n",
    "# paths = read_paths('paths.txt')\n",
    "\n",
    "import prob_models.cov_estim.estimators as es \n",
    "import prob_models.cov_estim.run_parallel as run\n",
    "from prob_models.cov_estim.utils import *\n",
    "import numpy as np\n",
    "import os\n",
    "import importlib\n",
    "\n",
    "# importlib.reload(ourutils)\n",
    "# importlib.reload(run)"
   ]
  },
  {
   "cell_type": "code",
   "execution_count": 2,
   "metadata": {},
   "outputs": [],
   "source": [
    "nsamples = 200\n",
    "nfeatures = 116\n",
    "\n",
    "X = np.random.randn(nsamples, nfeatures)  # dummy dataset with true covariance I\n",
    "Xtrain = X[:int(0.8*nsamples)]\n",
    "Xtest = X[int(0.8*nsamples):]\n",
    "\n",
    "res = es.fit_PCA(Xtrain, Xtest, ncomponents=10)\n",
    "# res = es.fit_PCA_CV(Xtrain, Xtest, cv_scoring=\"likelihood\", n_jobs=None)\n",
    "# res = es.fit_PCA_Minka(Xtrain, Xtest)\n",
    "# res = es.fit_ConservativePCA(Xtrain, Xtest, p=10)\n",
    "# res = es.fit_ConservativePCA_CV(Xtrain, Xtest, cv_scoring=\"likelihood\", n_jobs=None)\n",
    "# res = es.fit_FactorAnalysis(Xtrain, Xtest)\n",
    "# res = es.fit_FactorAnalysis_CV(Xtrain, Xtest, cv_scoring=\"likelihood\", n_jobs=None)\n",
    "# res = es.fit_GraphicalLasso(Xtrain, Xtest, alpha=0.1)\n",
    "# res = es.fit_GraphicalLasso_CV(Xtrain, Xtest, n_jobs=None)\n",
    "# res = es.fit_Shrinkage(Xtrain, Xtest, shrinkage=0.1)\n",
    "# res = es.fit_Shrinkage_CV(Xtrain, Xtest, shrinkages=None,  cv_scoring=\"likelihood\", n_jobs=None)\n",
    "# res = es.fit_RIE(Xtrain, Xtest)\n",
    "# res = es.fit_RIE_CV(Xtrain, Xtest, cv_scoring=\"likelihood\", n_jobs=None)\n",
    "# res = es.fit_GradientAscent(Xtrain, Xtest, bootstrapping=False, stop='completion', val_frac=0.1)\n",
    "# res = es.fit_GradientAscentWishart(Xtrain, Xtest, bootstrapping=False, stop='completion', val_frac=0.1)\n",
    "\n",
    "C = X.T @ X / nsamples # empirical covariance\n",
    "Cclean = res[\"Cclean\"] # cleaned covariance\n"
   ]
  },
  {
   "cell_type": "code",
   "execution_count": null,
   "metadata": {},
   "outputs": [
    {
     "name": "stdout",
     "output_type": "stream",
     "text": [
      "/Users/ariannaarmanetti/Downloads/data/iPA_183/ts/\n",
      "652 183\n"
     ]
    }
   ],
   "source": [
    "# Load data\n",
    "paths = read_paths(os.path.join(os.getcwd(), '../paths.txt'))\n",
    "datadic = getdata(paths[-1])\n",
    "T, N = np.shape(datadic['032302'])\n"
   ]
  },
  {
   "cell_type": "code",
   "execution_count": 4,
   "metadata": {},
   "outputs": [
    {
     "data": {
      "text/plain": [
       "(136, 652, 183)"
      ]
     },
     "execution_count": 4,
     "metadata": {},
     "output_type": "execute_result"
    }
   ],
   "source": [
    "np.shape([el for el in datadic.values()]) "
   ]
  },
  {
   "cell_type": "code",
   "execution_count": 8,
   "metadata": {},
   "outputs": [
    {
     "name": "stdout",
     "output_type": "stream",
     "text": [
      "0\n",
      "1\n",
      "2\n"
     ]
    }
   ],
   "source": [
    "resfile = 'all_results_BIO.pickle'\n",
    "\n",
    "train_fraction = 0.8\n",
    "results={}\n",
    "\n",
    "for i,( key, X) in enumerate(datadic.items()):\n",
    "    if i<3:\n",
    "        print (i)\n",
    "        # Compute the corr mat C obtained flattening the training data from all patients\n",
    "        Cbar = computeCbar([el for el in datadic.values()], train_fraction=train_fraction)\n",
    "        Xtrain, Xtest = split_train_test(X, train_fraction=train_fraction, standardize=True, seed=i)\n",
    "        key, value=run.single_run(i, Xtrain, Xtest, Cbar=Cbar)\n",
    "        results[key]=value"
   ]
  },
  {
   "cell_type": "code",
   "execution_count": 7,
   "metadata": {},
   "outputs": [
    {
     "data": {
      "text/plain": [
       "{0: {'Shrink_CV_likelihood': {'train_likelihood': 224.4873178312651,\n",
       "   'test_likelihood': 198.1593034880308,\n",
       "   'train_completion_error': 0.0038857234261070227,\n",
       "   'test_completion_error': 0.0053061416676387285,\n",
       "   'train_pseudolikelihood': 3.6784229880161234,\n",
       "   'test_pseudolikelihood': 3.5553291800323543,\n",
       "   'Cclean': array([[ 1.        ,  0.1410098 , -0.14762082, ...,  0.10259685,\n",
       "            0.10616709,  0.14283884],\n",
       "          [ 0.1410098 ,  1.        , -0.15279962, ...,  0.32227875,\n",
       "            0.38575168,  0.5075946 ],\n",
       "          [-0.14762082, -0.15279962,  1.        , ..., -0.43029132,\n",
       "           -0.43485895, -0.45010824],\n",
       "          ...,\n",
       "          [ 0.10259685,  0.32227875, -0.43029132, ...,  1.        ,\n",
       "            0.68948242,  0.63954392],\n",
       "          [ 0.10616709,  0.38575168, -0.43485895, ...,  0.68948242,\n",
       "            1.        ,  0.86997384],\n",
       "          [ 0.14283884,  0.5075946 , -0.45010824, ...,  0.63954392,\n",
       "            0.86997384,  1.        ]]),\n",
       "   'time': 59.989260476000005},\n",
       "  'RIE_CV_likelihood': {'train_likelihood': 222.05072508492685,\n",
       "   'test_likelihood': 201.30581685083249,\n",
       "   'train_completion_error': 0.003330940841796687,\n",
       "   'test_completion_error': 0.004846255025875619,\n",
       "   'train_pseudolikelihood': 3.9812216997404417,\n",
       "   'test_pseudolikelihood': 3.7391223924790755,\n",
       "   'Cclean': array([[ 1.01467174,  0.14644597, -0.1514901 , ...,  0.10870918,\n",
       "            0.10974148,  0.14340636],\n",
       "          [ 0.14644597,  1.02463536, -0.14572159, ...,  0.3282951 ,\n",
       "            0.39222058,  0.52758797],\n",
       "          [-0.1514901 , -0.14572159,  0.9971588 , ..., -0.42792182,\n",
       "           -0.42252404, -0.43413407],\n",
       "          ...,\n",
       "          [ 0.10870918,  0.3282951 , -0.42792182, ...,  1.00052347,\n",
       "            0.69366054,  0.64755158],\n",
       "          [ 0.10974148,  0.39222058, -0.42252404, ...,  0.69366054,\n",
       "            1.02989718,  0.88629503],\n",
       "          [ 0.14340636,  0.52758797, -0.43413407, ...,  0.64755158,\n",
       "            0.88629503,  1.04874501]]),\n",
       "   'time': 45.14523498},\n",
       "  'Shrink_CV_completion_error': {'train_likelihood': 224.4873178312651,\n",
       "   'test_likelihood': 198.1593034880308,\n",
       "   'train_completion_error': 0.0038857234261070227,\n",
       "   'test_completion_error': 0.0053061416676387285,\n",
       "   'train_pseudolikelihood': 3.6784229880161234,\n",
       "   'test_pseudolikelihood': 3.5553291800323543,\n",
       "   'Cclean': array([[ 1.        ,  0.1410098 , -0.14762082, ...,  0.10259685,\n",
       "            0.10616709,  0.14283884],\n",
       "          [ 0.1410098 ,  1.        , -0.15279962, ...,  0.32227875,\n",
       "            0.38575168,  0.5075946 ],\n",
       "          [-0.14762082, -0.15279962,  1.        , ..., -0.43029132,\n",
       "           -0.43485895, -0.45010824],\n",
       "          ...,\n",
       "          [ 0.10259685,  0.32227875, -0.43029132, ...,  1.        ,\n",
       "            0.68948242,  0.63954392],\n",
       "          [ 0.10616709,  0.38575168, -0.43485895, ...,  0.68948242,\n",
       "            1.        ,  0.86997384],\n",
       "          [ 0.14283884,  0.5075946 , -0.45010824, ...,  0.63954392,\n",
       "            0.86997384,  1.        ]]),\n",
       "   'time': 32.22057163199999},\n",
       "  'RIE_CV_completion_error': {'train_likelihood': 230.71280706279276,\n",
       "   'test_likelihood': 209.72710606993388,\n",
       "   'train_completion_error': 0.0023496699725925026,\n",
       "   'test_completion_error': 0.0034266105371171425,\n",
       "   'train_pseudolikelihood': 4.23143364161416,\n",
       "   'test_pseudolikelihood': 4.052686880277944,\n",
       "   'Cclean': array([[ 1.01467238,  0.1464469 , -0.15148995, ...,  0.1087087 ,\n",
       "            0.10974095,  0.14340699],\n",
       "          [ 0.1464469 ,  1.02463702, -0.14572283, ...,  0.32829555,\n",
       "            0.39221878,  0.52759004],\n",
       "          [-0.15148995, -0.14572283,  0.99715559, ..., -0.42792153,\n",
       "           -0.42252351, -0.43413501],\n",
       "          ...,\n",
       "          [ 0.1087087 ,  0.32829555, -0.42792153, ...,  1.00052357,\n",
       "            0.69366067,  0.64755153],\n",
       "          [ 0.10974095,  0.39221878, -0.42252351, ...,  0.69366067,\n",
       "            1.02989782,  0.88629389],\n",
       "          [ 0.14340699,  0.52759004, -0.43413501, ...,  0.64755153,\n",
       "            0.88629389,  1.04874619]]),\n",
       "   'time': 26.34304740799999}},\n",
       " 1: {'Shrink_CV_likelihood': {'train_likelihood': 192.57710957822178,\n",
       "   'test_likelihood': 157.50716415740357,\n",
       "   'train_completion_error': 0.005698872729751311,\n",
       "   'test_completion_error': 0.008267255695441452,\n",
       "   'train_pseudolikelihood': 3.235251968156895,\n",
       "   'test_pseudolikelihood': 3.079632218186227,\n",
       "   'Cclean': array([[ 1.        ,  0.14891321,  0.14644477, ...,  0.33672932,\n",
       "            0.18349888,  0.32587657],\n",
       "          [ 0.14891321,  1.        , -0.06393229, ...,  0.20014015,\n",
       "            0.40079086,  0.29405311],\n",
       "          [ 0.14644477, -0.06393229,  1.        , ..., -0.32483083,\n",
       "           -0.22792164, -0.2164548 ],\n",
       "          ...,\n",
       "          [ 0.33672932,  0.20014015, -0.32483083, ...,  1.        ,\n",
       "            0.71248838,  0.83647942],\n",
       "          [ 0.18349888,  0.40079086, -0.22792164, ...,  0.71248838,\n",
       "            1.        ,  0.85879268],\n",
       "          [ 0.32587657,  0.29405311, -0.2164548 , ...,  0.83647942,\n",
       "            0.85879268,  1.        ]]),\n",
       "   'time': 60.28857319399998},\n",
       "  'RIE_CV_likelihood': {'train_likelihood': 197.56073212019712,\n",
       "   'test_likelihood': 166.332234000963,\n",
       "   'train_completion_error': 0.004184975743618803,\n",
       "   'test_completion_error': 0.006614094285044446,\n",
       "   'train_pseudolikelihood': 3.7368483302561653,\n",
       "   'test_pseudolikelihood': 3.336348179349963,\n",
       "   'Cclean': array([[ 1.0346382 ,  0.13872673,  0.13790264, ...,  0.33763737,\n",
       "            0.18945252,  0.33692049],\n",
       "          [ 0.13872673,  1.0352169 , -0.06101435, ...,  0.18412858,\n",
       "            0.38758946,  0.27586783],\n",
       "          [ 0.13790264, -0.06101435,  1.00256221, ..., -0.32797191,\n",
       "           -0.22469118, -0.2147845 ],\n",
       "          ...,\n",
       "          [ 0.33763737,  0.18412858, -0.32797191, ...,  1.00717374,\n",
       "            0.70309892,  0.82828249],\n",
       "          [ 0.18945252,  0.38758946, -0.22469118, ...,  0.70309892,\n",
       "            0.99321375,  0.84628413],\n",
       "          [ 0.33692049,  0.27586783, -0.2147845 , ...,  0.82828249,\n",
       "            0.84628413,  1.00616237]]),\n",
       "   'time': 35.202101863999985},\n",
       "  'Shrink_CV_completion_error': {'train_likelihood': 204.92841736496243,\n",
       "   'test_likelihood': 164.03470366560276,\n",
       "   'train_completion_error': 0.004144809326393946,\n",
       "   'test_completion_error': 0.006174546215038851,\n",
       "   'train_pseudolikelihood': 3.6274581161410255,\n",
       "   'test_pseudolikelihood': 3.4105267693085963,\n",
       "   'Cclean': array([[ 1.        ,  0.1489165 ,  0.14644801, ...,  0.33673677,\n",
       "            0.18350294,  0.32588378],\n",
       "          [ 0.1489165 ,  1.        , -0.0639337 , ...,  0.20014458,\n",
       "            0.40079973,  0.29405962],\n",
       "          [ 0.14644801, -0.0639337 ,  1.        , ..., -0.32483802,\n",
       "           -0.22792668, -0.21645959],\n",
       "          ...,\n",
       "          [ 0.33673677,  0.20014458, -0.32483802, ...,  1.        ,\n",
       "            0.71250415,  0.83649793],\n",
       "          [ 0.18350294,  0.40079973, -0.22792668, ...,  0.71250415,\n",
       "            1.        ,  0.85881168],\n",
       "          [ 0.32588378,  0.29405962, -0.21645959, ...,  0.83649793,\n",
       "            0.85881168,  1.        ]]),\n",
       "   'time': 28.499306503999946},\n",
       "  'RIE_CV_completion_error': {'train_likelihood': 206.30780034547712,\n",
       "   'test_likelihood': 174.79348695029876,\n",
       "   'train_completion_error': 0.0030183451839410707,\n",
       "   'test_completion_error': 0.004765080097821123,\n",
       "   'train_pseudolikelihood': 3.971993041502564,\n",
       "   'test_pseudolikelihood': 3.677142048713202,\n",
       "   'Cclean': array([[ 1.03463775,  0.13872685,  0.1379026 , ...,  0.33763723,\n",
       "            0.18945277,  0.33691957],\n",
       "          [ 0.13872685,  1.03521663, -0.06101433, ...,  0.18412973,\n",
       "            0.38758998,  0.27586794],\n",
       "          [ 0.1379026 , -0.06101433,  1.00256075, ..., -0.32797201,\n",
       "           -0.22469066, -0.21478516],\n",
       "          ...,\n",
       "          [ 0.33763723,  0.18412973, -0.32797201, ...,  1.00717393,\n",
       "            0.70309768,  0.82828258],\n",
       "          [ 0.18945277,  0.38758998, -0.22469066, ...,  0.70309768,\n",
       "            0.99321331,  0.84628501],\n",
       "          [ 0.33691957,  0.27586794, -0.21478516, ...,  0.82828258,\n",
       "            0.84628501,  1.00616095]]),\n",
       "   'time': 21.92512255600002}},\n",
       " 2: {'Shrink_CV_likelihood': {'train_likelihood': 223.2601629644241,\n",
       "   'test_likelihood': 191.69251961376239,\n",
       "   'train_completion_error': 0.004471561561836242,\n",
       "   'test_completion_error': 0.006370955363407843,\n",
       "   'train_pseudolikelihood': 3.5280618827220938,\n",
       "   'test_pseudolikelihood': 3.3753161615106952,\n",
       "   'Cclean': array([[ 1.        , -0.04195582, -0.04162321, ...,  0.23650592,\n",
       "            0.09896344,  0.13275505],\n",
       "          [-0.04195582,  1.        , -0.06354523, ...,  0.24825923,\n",
       "            0.32997976,  0.24850647],\n",
       "          [-0.04162321, -0.06354523,  1.        , ...,  0.2174393 ,\n",
       "            0.13927364, -0.02213615],\n",
       "          ...,\n",
       "          [ 0.23650592,  0.24825923,  0.2174393 , ...,  1.        ,\n",
       "            0.75284863,  0.74101172],\n",
       "          [ 0.09896344,  0.32997976,  0.13927364, ...,  0.75284863,\n",
       "            1.        ,  0.77921718],\n",
       "          [ 0.13275505,  0.24850647, -0.02213615, ...,  0.74101172,\n",
       "            0.77921718,  1.        ]]),\n",
       "   'time': 56.78269369899999},\n",
       "  'RIE_CV_likelihood': {'train_likelihood': 217.20750087781468,\n",
       "   'test_likelihood': 191.14940303417143,\n",
       "   'train_completion_error': 0.004176707023480731,\n",
       "   'test_completion_error': 0.006203214740496449,\n",
       "   'train_pseudolikelihood': 3.751989443975564,\n",
       "   'test_pseudolikelihood': 3.4545962838520055,\n",
       "   'Cclean': array([[ 1.03147331, -0.04064481, -0.05009019, ...,  0.24309966,\n",
       "            0.09892202,  0.1373973 ],\n",
       "          [-0.04064481,  0.99608449, -0.06214369, ...,  0.23996828,\n",
       "            0.31732732,  0.2434852 ],\n",
       "          [-0.05009019, -0.06214369,  1.00673301, ...,  0.2113487 ,\n",
       "            0.13698293, -0.03057982],\n",
       "          ...,\n",
       "          [ 0.24309966,  0.23996828,  0.2113487 , ...,  1.0169646 ,\n",
       "            0.75317774,  0.74655789],\n",
       "          [ 0.09892202,  0.31732732,  0.13698293, ...,  0.75317774,\n",
       "            1.01235002,  0.77841593],\n",
       "          [ 0.1373973 ,  0.2434852 , -0.03057982, ...,  0.74655789,\n",
       "            0.77841593,  1.02513708]]),\n",
       "   'time': 35.51410258999999},\n",
       "  'Shrink_CV_completion_error': {'train_likelihood': 227.2220773245744,\n",
       "   'test_likelihood': 194.0004366495382,\n",
       "   'train_completion_error': 0.004039444830791649,\n",
       "   'test_completion_error': 0.005804339249696439,\n",
       "   'train_pseudolikelihood': 3.655915553345748,\n",
       "   'test_pseudolikelihood': 3.4851559238788155,\n",
       "   'Cclean': array([[ 1.        , -0.04195602, -0.04162341, ...,  0.23650705,\n",
       "            0.09896391,  0.13275569],\n",
       "          [-0.04195602,  1.        , -0.06354553, ...,  0.24826041,\n",
       "            0.32998133,  0.24850765],\n",
       "          [-0.04162341, -0.06354553,  1.        , ...,  0.21744034,\n",
       "            0.1392743 , -0.02213626],\n",
       "          ...,\n",
       "          [ 0.23650705,  0.24826041,  0.21744034, ...,  1.        ,\n",
       "            0.75285221,  0.74101525],\n",
       "          [ 0.09896391,  0.32998133,  0.1392743 , ...,  0.75285221,\n",
       "            1.        ,  0.77922089],\n",
       "          [ 0.13275569,  0.24850765, -0.02213626, ...,  0.74101525,\n",
       "            0.77922089,  1.        ]]),\n",
       "   'time': 30.285082989999978},\n",
       "  'RIE_CV_completion_error': {'train_likelihood': 227.34654153299846,\n",
       "   'test_likelihood': 201.11142825368051,\n",
       "   'train_completion_error': 0.003075480715198111,\n",
       "   'test_completion_error': 0.004561407302420507,\n",
       "   'train_pseudolikelihood': 3.9663239758125655,\n",
       "   'test_pseudolikelihood': 3.745692751815601,\n",
       "   'Cclean': array([[ 1.03167765, -0.04072151, -0.04998816, ...,  0.24343695,\n",
       "            0.0991163 ,  0.13731519],\n",
       "          [-0.04072151,  0.99610794, -0.0621792 , ...,  0.23984103,\n",
       "            0.31725402,  0.24351548],\n",
       "          [-0.04998816, -0.0621792 ,  1.00680131, ...,  0.21152259,\n",
       "            0.13708341, -0.0306174 ],\n",
       "          ...,\n",
       "          [ 0.24343695,  0.23984103,  0.21152259, ...,  1.01751969,\n",
       "            0.75349853,  0.74642234],\n",
       "          [ 0.0991163 ,  0.31725402,  0.13708341, ...,  0.75349853,\n",
       "            1.01253437,  0.77833851],\n",
       "          [ 0.13731519,  0.24351548, -0.0306174 , ...,  0.74642234,\n",
       "            0.77833851,  1.02516868]]),\n",
       "   'time': 23.85504189599999}}}"
      ]
     },
     "execution_count": 7,
     "metadata": {},
     "output_type": "execute_result"
    }
   ],
   "source": [
    "results"
   ]
  },
  {
   "cell_type": "code",
   "execution_count": 6,
   "metadata": {},
   "outputs": [
    {
     "name": "stdout",
     "output_type": "stream",
     "text": [
      "Shrink_CV_likelihood 198.1593034880308\n",
      "RIE_CV_likelihood 201.30581685083249\n",
      "Shrink_CV_completion_error 198.1593034880308\n",
      "RIE_CV_completion_error 209.72710606993388\n"
     ]
    }
   ],
   "source": [
    "for key, val in results[0].items():\n",
    "    print (key,val['test_likelihood'])"
   ]
  }
 ],
 "metadata": {
  "kernelspec": {
   "display_name": "bhl2024",
   "language": "python",
   "name": "python3"
  },
  "language_info": {
   "codemirror_mode": {
    "name": "ipython",
    "version": 3
   },
   "file_extension": ".py",
   "mimetype": "text/x-python",
   "name": "python",
   "nbconvert_exporter": "python",
   "pygments_lexer": "ipython3",
   "version": "3.12.0"
  }
 },
 "nbformat": 4,
 "nbformat_minor": 2
}
